
/  ID        St     Res
    1       180.0    1
    2       180.0    1
    3       220.0    2
    4       240.0    2
    5       220.0    2
    6       180.0    1
    7       160.0    1
    8       210.0    2
    9       240.0    2
   10       210.0    2
   11       170.0    1
   12       220.0    2
   13       190.0    1
   14       160.0    1
   15       240.0    2
   16       210.0    2
   17       180.0    1
   18       190.0    2
   19       200.0    2
   20       200.0    2
   21       220.0    2
   22       210.0    1
   23       200.0    1
   24       230.0    2
   25       230.0    2
   26       160.0    1
   27       190.0    1
   28       230.0    2
   29       170.0    1
   30       180.0    1
   31       220.0    2
   32       170.0    1
   33       230.0    2
   34       180.0    1
   35       200.0    1
   36       240.0    2
   37       190.0    1
   38       210.0    1
   39       240.0    2
   40       230.0    2
   41       230.0    2
   42       170.0    1
   43       170.0    1
   44       240.0    2
   45       210.0    1
   46       160.0    1
   47       240.0    2
   48       180.0    1
   49       190.0    1
   50       230.0    2
   51       170.0    1
   52       200.0    1
   53       180.0    1
   54       210.0    2
   55       190.0    2
   56       220.0    2
   57       160.0    1
   58       160.0    1
   59       180.0    1
   60       230.0    2
   61       160.0    1
   62       190.0    2
   63       220.0    2
   64       210.0    2
   65       180.0    1
   66       220.0    2
   67       200.0    1
   68       170.0    1
   69       170.0    1
   70       210.0    1
   71       230.0    2
   72       200.0    1
   73       210.0    2
   74       160.0    1
   75       170.0    1
   76       230.0    2
   77       180.0    1
   78       220.0    1
   79       210.0    2
   80       180.0    1
   81       200.0    1
   82       170.0    1
   83       220.0    2
   84       160.0    1
   85       160.0    1
   86       220.0    2
   87       200.0    1
   88       190.0    2
   89       210.0    1
   90       180.0    1
   91       160.0    1
   92       240.0    2
   93       200.0    2
   94       160.0    1
   95       190.0    1
   96       170.0    1
   97       160.0    1
   98       180.0    1
   99       210.0    2
  100       220.0    1
  101       180.0    1
  102       200.0    2
  103       240.0    2
  104       190.0    1
  105       220.0    2
  106       170.0    1
  107       230.0    2
  108       240.0    2
  109       170.0    1
  110       200.0    2
  111       240.0    2
  112       230.0    2
  113       230.0    2
  114       240.0    2
  115       220.0    2
  116       220.0    1
  117       190.0    1
  118       210.0    2
  119       240.0    2
  120       180.0    2
  121       180.0    1
  122       170.0    1
  123       200.0    1
  124       170.0    1
  125       240.0    2
  126       170.0    1
  127       170.0    1
  128       170.0    1
  129       220.0    2
  130       230.0    2
  131       190.0    1
  132       170.0    1
  133       160.0    1
  134       190.0    2
  135       180.0    1
  136       200.0    2
  137       230.0    2
  138       190.0    2
  139       200.0    1
  140       240.0    2
  141       190.0    1
  142       230.0    2
  143       160.0    1
  144       230.0    2
  145       200.0    1
  146       180.0    1
  147       180.0    1
  148       160.0    1
  149       240.0    2
  150       230.0    2
  151       220.0    2
  152       230.0    2
  153       210.0    2
  154       210.0    2
  155       190.0    1
  156       160.0    1
  157       210.0    2
  158       220.0    2
  159       230.0    2
  160       240.0    2
  161       210.0    2
  162       210.0    2
  163       240.0    2
  164       200.0    1
  165       210.0    2
  166       160.0    1
  167       200.0    1
  168       190.0    1
  169       240.0    2
  170       190.0    1
  171       200.0    2
  172       220.0    2
  173       200.0    1
  174       190.0    2
  175       170.0    1
  176       240.0    2
  177       160.0    1
  178       160.0    1
  179       190.0    1
  180       220.0    2
/

